,koi_disposition
0,CONFIRMED
1,CONFIRMED
4,CONFIRMED
5,CONFIRMED
6,CONFIRMED
7,CONFIRMED
9,CONFIRMED
10,CONFIRMED
11,CONFIRMED
12,CONFIRMED
13,CONFIRMED
18,CONFIRMED
19,CONFIRMED
21,CONFIRMED
22,CONFIRMED
23,CONFIRMED
25,CONFIRMED
26,CONFIRMED
27,CONFIRMED
31,CONFIRMED
32,CONFIRMED
33,CONFIRMED
34,CONFIRMED
35,CONFIRMED
36,CONFIRMED
39,CONFIRMED
41,CONFIRMED
42,CONFIRMED
43,CONFIRMED
44,CONFIRMED
45,CONFIRMED
47,CONFIRMED
48,CONFIRMED
49,CONFIRMED
50,CONFIRMED
51,CONFIRMED
52,CONFIRMED
54,CONFIRMED
55,CONFIRMED
56,CONFIRMED
57,CONFIRMED
59,CONFIRMED
61,CONFIRMED
64,CONFIRMED
65,CONFIRMED
66,CONFIRMED
67,CONFIRMED
68,CONFIRMED
69,CONFIRMED
70,CONFIRMED
73,CONFIRMED
74,CONFIRMED
76,CONFIRMED
77,CONFIRMED
78,CONFIRMED
81,CONFIRMED
82,CONFIRMED
85,CONFIRMED
86,CONFIRMED
87,CONFIRMED
88,CONFIRMED
89,CONFIRMED
90,CONFIRMED
91,CONFIRMED
96,CONFIRMED
97,CONFIRMED
98,CONFIRMED
102,CONFIRMED
104,CONFIRMED
105,CONFIRMED
107,CONFIRMED
108,CONFIRMED
109,CONFIRMED
110,CONFIRMED
111,CONFIRMED
113,CONFIRMED
114,CONFIRMED
115,CONFIRMED
119,CONFIRMED
120,CONFIRMED
123,CONFIRMED
124,CONFIRMED
125,CONFIRMED
126,CONFIRMED
129,CONFIRMED
130,CONFIRMED
131,CONFIRMED
132,CONFIRMED
136,CONFIRMED
137,CONFIRMED
138,CONFIRMED
139,CONFIRMED
140,CONFIRMED
141,CONFIRMED
143,CONFIRMED
145,CONFIRMED
146,CONFIRMED
148,CONFIRMED
149,CONFIRMED
150,CONFIRMED
151,CONFIRMED
152,CONFIRMED
154,CONFIRMED
155,CONFIRMED
156,CONFIRMED
157,CONFIRMED
158,CONFIRMED
159,CONFIRMED
160,CONFIRMED
162,CONFIRMED
163,CONFIRMED
164,CONFIRMED
166,CONFIRMED
167,CONFIRMED
168,CONFIRMED
169,CONFIRMED
170,CONFIRMED
172,CONFIRMED
173,CONFIRMED
174,CONFIRMED
177,CONFIRMED
179,CONFIRMED
180,CONFIRMED
181,CONFIRMED
182,CONFIRMED
184,CONFIRMED
186,CONFIRMED
187,CONFIRMED
188,CONFIRMED
189,CONFIRMED
190,CONFIRMED
191,CONFIRMED
192,CONFIRMED
193,CONFIRMED
196,CONFIRMED
197,CONFIRMED
198,CONFIRMED
199,CONFIRMED
200,CONFIRMED
203,CONFIRMED
204,CONFIRMED
205,CONFIRMED
207,CONFIRMED
208,CONFIRMED
209,CONFIRMED
211,CONFIRMED
213,CONFIRMED
216,CONFIRMED
217,CONFIRMED
218,CONFIRMED
219,CONFIRMED
220,CONFIRMED
221,CONFIRMED
222,CONFIRMED
223,CONFIRMED
225,CONFIRMED
226,CONFIRMED
227,CONFIRMED
228,CONFIRMED
231,CONFIRMED
232,CONFIRMED
233,CONFIRMED
234,CONFIRMED
236,CONFIRMED
237,CONFIRMED
238,CONFIRMED
239,CONFIRMED
240,CONFIRMED
241,CONFIRMED
242,CONFIRMED
243,CONFIRMED
244,CONFIRMED
245,CONFIRMED
247,CONFIRMED
248,CONFIRMED
249,CONFIRMED
250,CONFIRMED
251,CONFIRMED
253,CONFIRMED
254,CONFIRMED
255,CONFIRMED
257,CONFIRMED
258,CONFIRMED
259,CONFIRMED
260,CONFIRMED
261,CONFIRMED
262,CONFIRMED
263,CONFIRMED
264,CONFIRMED
265,CONFIRMED
267,CONFIRMED
269,CONFIRMED
271,CONFIRMED
273,CONFIRMED
275,CONFIRMED
277,CONFIRMED
279,CONFIRMED
280,CONFIRMED
281,CONFIRMED
282,CONFIRMED
283,CONFIRMED
284,FALSE POSITIVE
285,CONFIRMED
288,CONFIRMED
291,CONFIRMED
292,CONFIRMED
293,CONFIRMED
294,CONFIRMED
295,CONFIRMED
297,CONFIRMED
298,CONFIRMED
299,CONFIRMED
300,CONFIRMED
301,CONFIRMED
302,CONFIRMED
304,CONFIRMED
305,CONFIRMED
306,CONFIRMED
307,CONFIRMED
308,CONFIRMED
309,CONFIRMED
310,CONFIRMED
312,CONFIRMED
313,CONFIRMED
314,CONFIRMED
316,CONFIRMED
332,CONFIRMED
335,CONFIRMED
336,CONFIRMED
338,CONFIRMED
342,CONFIRMED
343,CONFIRMED
348,CONFIRMED
352,CONFIRMED
355,CONFIRMED
356,CONFIRMED
358,CONFIRMED
373,CONFIRMED
374,CONFIRMED
375,CONFIRMED
376,CONFIRMED
377,CONFIRMED
379,CONFIRMED
380,CONFIRMED
382,CONFIRMED
388,CONFIRMED
392,CONFIRMED
393,CONFIRMED
394,CONFIRMED
400,CONFIRMED
401,CONFIRMED
405,CONFIRMED
407,CONFIRMED
408,CONFIRMED
409,CONFIRMED
410,CONFIRMED
411,CONFIRMED
414,CONFIRMED
416,CONFIRMED
417,CONFIRMED
418,CONFIRMED
419,CONFIRMED
426,CONFIRMED
429,CONFIRMED
430,CONFIRMED
431,CONFIRMED
434,CONFIRMED
435,CONFIRMED
436,CONFIRMED
437,CONFIRMED
439,CONFIRMED
444,CONFIRMED
447,CONFIRMED
454,CONFIRMED
464,CONFIRMED
465,CONFIRMED
467,CONFIRMED
468,CONFIRMED
473,CONFIRMED
474,CONFIRMED
475,CONFIRMED
478,CONFIRMED
479,CONFIRMED
481,CONFIRMED
482,CONFIRMED
484,CONFIRMED
485,CONFIRMED
488,CONFIRMED
493,CONFIRMED
494,CONFIRMED
495,CONFIRMED
496,CONFIRMED
498,CONFIRMED
499,CONFIRMED
502,CONFIRMED
504,CONFIRMED
506,CONFIRMED
512,CONFIRMED
513,CONFIRMED
516,CONFIRMED
517,CONFIRMED
518,CONFIRMED
519,CONFIRMED
520,CONFIRMED
521,CONFIRMED
523,CONFIRMED
529,CONFIRMED
530,CONFIRMED
531,CONFIRMED
533,CONFIRMED
536,CONFIRMED
538,CONFIRMED
546,CONFIRMED
547,CONFIRMED
552,CONFIRMED
553,CONFIRMED
554,CONFIRMED
556,CONFIRMED
557,CONFIRMED
558,CONFIRMED
559,CONFIRMED
560,CONFIRMED
562,CONFIRMED
564,CONFIRMED
565,CONFIRMED
566,CONFIRMED
568,CONFIRMED
571,CONFIRMED
575,CONFIRMED
577,CONFIRMED
583,CONFIRMED
584,CONFIRMED
585,CONFIRMED
586,CONFIRMED
587,CONFIRMED
588,CONFIRMED
591,CONFIRMED
593,CONFIRMED
594,CONFIRMED
595,CONFIRMED
603,CONFIRMED
604,CONFIRMED
605,CONFIRMED
606,CONFIRMED
607,CONFIRMED
608,CONFIRMED
609,CONFIRMED
614,CONFIRMED
615,CONFIRMED
617,CONFIRMED
621,CONFIRMED
622,CONFIRMED
623,CONFIRMED
624,CONFIRMED
625,CONFIRMED
626,CONFIRMED
627,CONFIRMED
639,CONFIRMED
641,CONFIRMED
642,CONFIRMED
643,CONFIRMED
646,CONFIRMED
649,CONFIRMED
650,CONFIRMED
659,CONFIRMED
660,CONFIRMED
662,CONFIRMED
664,CONFIRMED
666,CONFIRMED
667,CONFIRMED
669,CONFIRMED
672,CONFIRMED
673,CONFIRMED
674,CONFIRMED
675,CONFIRMED
676,CONFIRMED
677,CONFIRMED
678,CONFIRMED
679,CONFIRMED
680,CONFIRMED
681,CONFIRMED
682,CONFIRMED
683,CONFIRMED
684,CONFIRMED
685,CONFIRMED
686,CONFIRMED
687,CONFIRMED
688,CONFIRMED
690,CONFIRMED
693,CONFIRMED
695,CONFIRMED
696,CONFIRMED
697,CONFIRMED
698,CONFIRMED
699,CONFIRMED
700,CONFIRMED
701,CONFIRMED
702,CONFIRMED
703,CONFIRMED
705,CONFIRMED
706,CONFIRMED
707,CONFIRMED
708,CONFIRMED
709,CONFIRMED
710,CONFIRMED
717,CONFIRMED
718,CONFIRMED
720,CONFIRMED
722,CONFIRMED
723,CONFIRMED
724,CONFIRMED
725,CONFIRMED
728,CONFIRMED
729,CONFIRMED
730,CONFIRMED
731,CONFIRMED
734,CONFIRMED
738,CONFIRMED
742,CONFIRMED
745,CONFIRMED
750,CONFIRMED
752,CONFIRMED
753,CONFIRMED
754,CONFIRMED
755,CONFIRMED
756,CONFIRMED
757,CONFIRMED
762,CONFIRMED
768,CONFIRMED
771,CONFIRMED
773,CONFIRMED
777,CONFIRMED
778,CONFIRMED
782,CONFIRMED
784,CONFIRMED
789,CONFIRMED
793,CONFIRMED
795,CONFIRMED
797,CONFIRMED
798,CONFIRMED
800,CONFIRMED
804,CONFIRMED
807,CONFIRMED
811,CONFIRMED
814,CONFIRMED
821,CONFIRMED
822,CONFIRMED
823,CONFIRMED
826,CONFIRMED
827,CONFIRMED
828,CONFIRMED
831,CONFIRMED
841,CONFIRMED
842,CONFIRMED
844,CONFIRMED
848,CONFIRMED
849,CONFIRMED
850,CONFIRMED
851,CONFIRMED
855,CONFIRMED
856,CONFIRMED
857,CONFIRMED
859,CONFIRMED
862,CONFIRMED
864,CONFIRMED
865,CONFIRMED
866,CONFIRMED
867,CONFIRMED
868,CONFIRMED
869,CONFIRMED
870,CONFIRMED
871,CONFIRMED
872,CONFIRMED
875,CONFIRMED
880,CONFIRMED
881,CONFIRMED
884,CONFIRMED
886,CONFIRMED
887,CONFIRMED
888,CONFIRMED
889,CONFIRMED
892,CONFIRMED
893,CONFIRMED
895,CONFIRMED
896,CONFIRMED
897,CONFIRMED
898,CONFIRMED
899,CONFIRMED
900,CONFIRMED
901,CONFIRMED
904,CONFIRMED
905,CONFIRMED
907,CONFIRMED
909,CONFIRMED
910,CONFIRMED
912,CONFIRMED
916,CONFIRMED
921,CONFIRMED
922,CONFIRMED
923,CONFIRMED
924,CONFIRMED
925,CONFIRMED
926,CONFIRMED
927,CONFIRMED
928,CONFIRMED
929,CONFIRMED
933,CONFIRMED
943,CONFIRMED
944,CONFIRMED
945,CONFIRMED
948,CONFIRMED
955,CONFIRMED
958,CONFIRMED
959,CONFIRMED
963,CONFIRMED
967,CONFIRMED
971,CONFIRMED
972,CONFIRMED
979,CONFIRMED
980,CONFIRMED
981,CONFIRMED
982,CONFIRMED
988,CONFIRMED
989,CONFIRMED
990,CONFIRMED
991,CONFIRMED
992,CONFIRMED
993,CONFIRMED
994,CONFIRMED
998,CONFIRMED
999,CONFIRMED
1000,CONFIRMED
1001,CONFIRMED
1003,CONFIRMED
1008,CONFIRMED
1010,CONFIRMED
1011,CONFIRMED
1012,CONFIRMED
1013,CONFIRMED
1016,CONFIRMED
1018,CONFIRMED
1019,CONFIRMED
1020,CONFIRMED
1021,CONFIRMED
1022,CONFIRMED
1023,CONFIRMED
1025,CONFIRMED
1026,CONFIRMED
1027,CONFIRMED
1029,CONFIRMED
1030,CONFIRMED
1031,CONFIRMED
1032,CONFIRMED
1035,CONFIRMED
1036,CONFIRMED
1044,CONFIRMED
1045,CONFIRMED
1047,CONFIRMED
1048,CONFIRMED
1049,CONFIRMED
1050,CONFIRMED
1051,CONFIRMED
1052,CONFIRMED
1055,CONFIRMED
1057,CONFIRMED
1059,CONFIRMED
1060,CONFIRMED
1062,CONFIRMED
1065,CONFIRMED
1066,CONFIRMED
1068,CONFIRMED
1070,CONFIRMED
1072,CONFIRMED
1075,CONFIRMED
1078,CONFIRMED
1079,CONFIRMED
1082,CONFIRMED
1083,CONFIRMED
1084,CONFIRMED
1086,CONFIRMED
1087,CONFIRMED
1088,CONFIRMED
1091,CONFIRMED
1093,CONFIRMED
1095,CONFIRMED
1096,CONFIRMED
1097,CONFIRMED
1098,CONFIRMED
1100,CONFIRMED
1101,CONFIRMED
1103,CONFIRMED
1104,CONFIRMED
1106,CONFIRMED
1107,CONFIRMED
1108,CONFIRMED
1114,CONFIRMED
1116,CONFIRMED
1118,CONFIRMED
1122,CONFIRMED
1125,CONFIRMED
1126,CONFIRMED
1130,CONFIRMED
1132,CONFIRMED
1135,CONFIRMED
1136,CONFIRMED
1137,CONFIRMED
1138,CONFIRMED
1139,CONFIRMED
1140,CONFIRMED
1144,CONFIRMED
1145,CONFIRMED
1150,CONFIRMED
1151,CONFIRMED
1154,CONFIRMED
1155,CONFIRMED
1156,CONFIRMED
1157,CONFIRMED
1159,CONFIRMED
1160,CONFIRMED
1162,CONFIRMED
1165,CONFIRMED
1166,CONFIRMED
1168,CONFIRMED
1170,CONFIRMED
1171,CONFIRMED
1172,CONFIRMED
1173,CONFIRMED
1174,CONFIRMED
1175,CONFIRMED
1178,CONFIRMED
1179,CONFIRMED
1182,CONFIRMED
1184,CONFIRMED
1185,CONFIRMED
1186,CONFIRMED
1196,CONFIRMED
1197,CONFIRMED
1198,CONFIRMED
1199,CONFIRMED
1201,CONFIRMED
1202,CONFIRMED
1204,CONFIRMED
1205,CONFIRMED
1207,CONFIRMED
1208,CONFIRMED
1216,CONFIRMED
1217,CONFIRMED
1218,CONFIRMED
1219,CONFIRMED
1220,CONFIRMED
1221,CONFIRMED
1222,CONFIRMED
1223,CONFIRMED
1224,CONFIRMED
1225,CONFIRMED
1230,CONFIRMED
1232,CONFIRMED
1236,CONFIRMED
1237,CONFIRMED
1238,CONFIRMED
1250,CONFIRMED
1251,CONFIRMED
1252,CONFIRMED
1253,CONFIRMED
1255,CONFIRMED
1259,CONFIRMED
1260,CONFIRMED
1261,CONFIRMED
1265,CONFIRMED
1266,CONFIRMED
1268,CONFIRMED
1270,CONFIRMED
1272,CONFIRMED
1275,CONFIRMED
1277,CONFIRMED
1284,CONFIRMED
1285,CONFIRMED
1287,CONFIRMED
1288,CONFIRMED
1289,CONFIRMED
1292,CONFIRMED
1293,CONFIRMED
1294,CONFIRMED
1296,CONFIRMED
1302,CONFIRMED
1305,CONFIRMED
1308,CONFIRMED
1309,CONFIRMED
1311,CONFIRMED
1312,CONFIRMED
1313,CONFIRMED
1314,CONFIRMED
1316,CONFIRMED
1317,CONFIRMED
1318,CONFIRMED
1321,CONFIRMED
1325,CONFIRMED
1326,CONFIRMED
1327,CONFIRMED
1328,CONFIRMED
1329,CONFIRMED
1330,CONFIRMED
1331,CONFIRMED
1332,CONFIRMED
1333,CONFIRMED
1334,CONFIRMED
1335,CONFIRMED
1336,CONFIRMED
1337,CONFIRMED
1338,CONFIRMED
1339,CONFIRMED
1341,CONFIRMED
1342,CONFIRMED
1343,CONFIRMED
1344,CONFIRMED
1346,CONFIRMED
1347,CONFIRMED
1351,CONFIRMED
1352,CONFIRMED
1353,CONFIRMED
1356,CONFIRMED
1357,CONFIRMED
1358,CONFIRMED
1359,CONFIRMED
1362,CONFIRMED
1363,CONFIRMED
1364,CONFIRMED
1365,CONFIRMED
1366,CONFIRMED
1368,CONFIRMED
1371,CONFIRMED
1372,CONFIRMED
1373,CONFIRMED
1374,CONFIRMED
1375,CONFIRMED
1376,CONFIRMED
1379,CONFIRMED
1380,CONFIRMED
1381,CONFIRMED
1383,CONFIRMED
1384,CONFIRMED
1385,CONFIRMED
1386,CONFIRMED
1387,CONFIRMED
1389,CONFIRMED
1391,CONFIRMED
1393,CONFIRMED
1395,CONFIRMED
1397,CONFIRMED
1398,CONFIRMED
1399,CONFIRMED
1400,CONFIRMED
1401,CONFIRMED
1402,CONFIRMED
1403,CONFIRMED
1406,CONFIRMED
1408,CONFIRMED
1410,CONFIRMED
1411,CONFIRMED
1412,CONFIRMED
1413,CONFIRMED
1414,CONFIRMED
1415,CONFIRMED
1416,CONFIRMED
1417,CONFIRMED
1418,CONFIRMED
1419,CONFIRMED
1420,CONFIRMED
1421,CONFIRMED
1423,CONFIRMED
1424,CONFIRMED
1425,CONFIRMED
1426,CONFIRMED
1427,CONFIRMED
1428,CONFIRMED
1429,CONFIRMED
1430,CONFIRMED
1431,CONFIRMED
1432,CONFIRMED
1434,CONFIRMED
1436,CONFIRMED
1437,CONFIRMED
1438,CONFIRMED
1439,CONFIRMED
1441,CONFIRMED
1443,CONFIRMED
1444,CONFIRMED
1445,CONFIRMED
1446,CONFIRMED
1447,CONFIRMED
1448,CONFIRMED
1452,CONFIRMED
1453,CONFIRMED
1454,CONFIRMED
1455,CONFIRMED
1456,CONFIRMED
1458,CONFIRMED
1459,CONFIRMED
1460,CONFIRMED
1461,CONFIRMED
1462,CONFIRMED
1463,CONFIRMED
1464,CONFIRMED
1465,CONFIRMED
1466,CONFIRMED
1467,CONFIRMED
1468,CONFIRMED
1469,CONFIRMED
1470,CONFIRMED
1471,CONFIRMED
1472,CONFIRMED
1473,CONFIRMED
1474,CONFIRMED
1475,CONFIRMED
1477,CONFIRMED
1478,CONFIRMED
1479,CONFIRMED
1480,CONFIRMED
1481,CONFIRMED
1485,CONFIRMED
1486,CONFIRMED
1487,CONFIRMED
1489,CONFIRMED
1490,CONFIRMED
1491,CONFIRMED
1492,CONFIRMED
1494,CONFIRMED
1497,CONFIRMED
1498,CONFIRMED
1499,CONFIRMED
1500,CONFIRMED
1502,CONFIRMED
1503,CONFIRMED
1506,CONFIRMED
1507,CONFIRMED
1510,CONFIRMED
1512,CONFIRMED
1513,CONFIRMED
1514,CONFIRMED
1515,CONFIRMED
1519,CONFIRMED
1520,CONFIRMED
1522,CONFIRMED
1526,CONFIRMED
1527,CONFIRMED
1528,CONFIRMED
1529,CONFIRMED
1530,CONFIRMED
1531,CONFIRMED
1533,CONFIRMED
1535,CONFIRMED
1536,CONFIRMED
1537,CONFIRMED
1540,CONFIRMED
1541,CONFIRMED
1542,CONFIRMED
1543,CONFIRMED
1544,CONFIRMED
1545,CONFIRMED
1546,CONFIRMED
1548,CONFIRMED
1549,CONFIRMED
1550,CONFIRMED
1551,CONFIRMED
1552,CONFIRMED
1553,CONFIRMED
1554,CONFIRMED
1556,CONFIRMED
1559,CONFIRMED
1560,CONFIRMED
1561,CONFIRMED
1562,CONFIRMED
1564,CONFIRMED
1566,CONFIRMED
1569,CONFIRMED
1570,CONFIRMED
1571,CONFIRMED
1572,CONFIRMED
1573,CONFIRMED
1574,CONFIRMED
1575,CONFIRMED
1576,CONFIRMED
1578,CONFIRMED
1579,CONFIRMED
1580,CONFIRMED
1581,CONFIRMED
1582,CONFIRMED
1583,CONFIRMED
1584,CONFIRMED
1585,CONFIRMED
1587,CONFIRMED
1593,CONFIRMED
1594,CONFIRMED
1595,CONFIRMED
1597,CONFIRMED
1599,CONFIRMED
1600,CONFIRMED
1603,CONFIRMED
1605,CONFIRMED
1606,CONFIRMED
1608,CONFIRMED
1610,CONFIRMED
1614,CONFIRMED
1615,CONFIRMED
1616,CONFIRMED
1617,CONFIRMED
1619,CONFIRMED
1620,CONFIRMED
1623,CONFIRMED
1624,CONFIRMED
1625,CONFIRMED
1626,CONFIRMED
1627,CONFIRMED
1630,CONFIRMED
1631,CONFIRMED
1633,CONFIRMED
1634,CONFIRMED
1635,CONFIRMED
1636,CONFIRMED
1637,CONFIRMED
1638,CONFIRMED
1639,CONFIRMED
1640,CONFIRMED
1641,CONFIRMED
1643,CONFIRMED
1644,CONFIRMED
1645,CONFIRMED
1646,CONFIRMED
1647,CONFIRMED
1648,CONFIRMED
1652,CONFIRMED
1653,CONFIRMED
1654,CONFIRMED
1656,CONFIRMED
1657,CONFIRMED
1658,CONFIRMED
1661,CONFIRMED
1662,CONFIRMED
1663,CONFIRMED
1664,CONFIRMED
1665,CONFIRMED
1666,CONFIRMED
1667,CONFIRMED
1671,CONFIRMED
1672,CONFIRMED
1674,CONFIRMED
1675,CONFIRMED
1676,CONFIRMED
1678,CONFIRMED
1680,CONFIRMED
1681,CONFIRMED
1683,CONFIRMED
1684,CONFIRMED
1685,CONFIRMED
1687,CONFIRMED
1688,CONFIRMED
1689,CONFIRMED
1691,CONFIRMED
1694,CONFIRMED
1696,CONFIRMED
1697,CONFIRMED
1698,CONFIRMED
1699,CONFIRMED
1700,CONFIRMED
1701,CONFIRMED
1702,CONFIRMED
1703,CONFIRMED
1704,CONFIRMED
1705,CONFIRMED
1706,CONFIRMED
1708,CONFIRMED
1709,CONFIRMED
1710,CONFIRMED
1711,CONFIRMED
1713,CONFIRMED
1715,CONFIRMED
1716,CONFIRMED
1718,CONFIRMED
1719,CONFIRMED
1721,CONFIRMED
1722,CONFIRMED
1723,CONFIRMED
1724,CONFIRMED
1726,CONFIRMED
1731,CONFIRMED
1732,CONFIRMED
1733,CONFIRMED
1734,CONFIRMED
1735,CONFIRMED
1737,CONFIRMED
1740,CONFIRMED
1741,CONFIRMED
1743,CONFIRMED
1744,CONFIRMED
1746,CONFIRMED
1747,CONFIRMED
1748,CONFIRMED
1749,CONFIRMED
1750,CONFIRMED
1751,CONFIRMED
1752,CONFIRMED
1753,CONFIRMED
1754,CONFIRMED
1755,CONFIRMED
1756,CONFIRMED
1757,CONFIRMED
1758,CONFIRMED
1764,CONFIRMED
1767,CONFIRMED
1769,CONFIRMED
1772,CONFIRMED
1775,CONFIRMED
1778,CONFIRMED
1779,CONFIRMED
1781,CONFIRMED
1783,CONFIRMED
1785,CONFIRMED
1786,CONFIRMED
1787,CONFIRMED
1788,CONFIRMED
1789,CONFIRMED
1790,CONFIRMED
1791,CONFIRMED
1793,CONFIRMED
1798,CONFIRMED
1799,CONFIRMED
1801,CONFIRMED
1803,CONFIRMED
1805,CONFIRMED
1806,CONFIRMED
1807,CONFIRMED
1814,CONFIRMED
1815,CONFIRMED
1816,CONFIRMED
1817,CONFIRMED
1819,CONFIRMED
1820,CONFIRMED
1821,CONFIRMED
1822,CONFIRMED
1823,CONFIRMED
1824,CONFIRMED
1825,CONFIRMED
1826,CONFIRMED
1827,CONFIRMED
1828,CONFIRMED
1830,CONFIRMED
1834,CONFIRMED
1835,CONFIRMED
1836,CONFIRMED
1837,CONFIRMED
1838,CONFIRMED
1839,CONFIRMED
1841,CONFIRMED
1842,CONFIRMED
1843,CONFIRMED
1844,CONFIRMED
1845,CONFIRMED
1846,CONFIRMED
1847,CONFIRMED
1848,CONFIRMED
1850,CONFIRMED
1851,CONFIRMED
1852,CONFIRMED
1857,CONFIRMED
1858,CONFIRMED
1860,CONFIRMED
1861,CONFIRMED
1862,CONFIRMED
1865,CONFIRMED
1866,CONFIRMED
1868,CONFIRMED
1869,CONFIRMED
1871,CONFIRMED
1872,CONFIRMED
1873,CONFIRMED
1878,CONFIRMED
1879,CONFIRMED
1880,CONFIRMED
1883,CONFIRMED
1884,CONFIRMED
1887,CONFIRMED
1888,CONFIRMED
1889,CONFIRMED
1895,CONFIRMED
1896,CONFIRMED
1898,CONFIRMED
1899,CONFIRMED
1901,CONFIRMED
1903,CONFIRMED
1904,CONFIRMED
1908,CONFIRMED
1910,CONFIRMED
1911,CONFIRMED
1912,CONFIRMED
1914,CONFIRMED
1915,CONFIRMED
1916,CONFIRMED
1917,CONFIRMED
1922,CONFIRMED
1923,CONFIRMED
1924,CONFIRMED
1926,CONFIRMED
1927,CONFIRMED
1928,CONFIRMED
1929,CONFIRMED
1930,CONFIRMED
1931,CONFIRMED
1932,CONFIRMED
1933,CONFIRMED
1934,CONFIRMED
1936,CONFIRMED
1937,CONFIRMED
1939,CONFIRMED
1940,CONFIRMED
1942,CONFIRMED
1944,CONFIRMED
1946,CONFIRMED
1947,CONFIRMED
1948,CONFIRMED
1950,CONFIRMED
1955,CONFIRMED
1957,CONFIRMED
1958,CONFIRMED
1961,CONFIRMED
1962,CONFIRMED
1963,CONFIRMED
1964,CONFIRMED
1967,CONFIRMED
1972,CONFIRMED
1973,CONFIRMED
1977,CONFIRMED
1978,CONFIRMED
1980,CONFIRMED
1982,CONFIRMED
1986,CONFIRMED
1987,CONFIRMED
1989,CONFIRMED
1991,CONFIRMED
1995,CONFIRMED
2002,CONFIRMED
2003,CONFIRMED
2004,CONFIRMED
2008,CONFIRMED
2011,CONFIRMED
2012,CONFIRMED
2013,CONFIRMED
2017,CONFIRMED
2018,CONFIRMED
2022,CONFIRMED
2023,CONFIRMED
2024,CONFIRMED
2025,CONFIRMED
2026,CONFIRMED
2027,CONFIRMED
2030,CONFIRMED
2034,CONFIRMED
2036,CONFIRMED
2037,CONFIRMED
2038,CONFIRMED
2040,CONFIRMED
2041,CONFIRMED
2042,CONFIRMED
2044,CONFIRMED
2053,CONFIRMED
2054,CONFIRMED
2055,CONFIRMED
2056,CONFIRMED
2057,CONFIRMED
2059,CONFIRMED
2065,CONFIRMED
2068,CONFIRMED
2071,CONFIRMED
2076,CONFIRMED
2079,CONFIRMED
2080,CONFIRMED
2081,CONFIRMED
2083,CONFIRMED
2084,CONFIRMED
2088,CONFIRMED
2089,CONFIRMED
2090,CONFIRMED
2096,CONFIRMED
2099,CONFIRMED
2100,CONFIRMED
2101,CONFIRMED
2106,CONFIRMED
2111,CONFIRMED
2112,CONFIRMED
2113,CONFIRMED
2119,CONFIRMED
2120,CONFIRMED
2122,CONFIRMED
2125,CONFIRMED
2126,CONFIRMED
2127,CONFIRMED
2128,CONFIRMED
2129,CONFIRMED
2130,CONFIRMED
2131,CONFIRMED
2133,CONFIRMED
2134,CONFIRMED
2137,CONFIRMED
2138,CONFIRMED
2139,CONFIRMED
2140,CONFIRMED
2141,CONFIRMED
2147,CONFIRMED
2148,CONFIRMED
2150,CONFIRMED
2151,CONFIRMED
2155,CONFIRMED
2157,CONFIRMED
2158,CONFIRMED
2159,CONFIRMED
2161,CONFIRMED
2167,CONFIRMED
2168,CONFIRMED
2169,CONFIRMED
2171,CONFIRMED
2178,CONFIRMED
2184,CONFIRMED
2185,CONFIRMED
2188,CONFIRMED
2189,CONFIRMED
2193,CONFIRMED
2198,CONFIRMED
2200,CONFIRMED
2201,CONFIRMED
2202,CONFIRMED
2204,CONFIRMED
2207,CONFIRMED
2210,CONFIRMED
2215,CONFIRMED
2217,CONFIRMED
2219,CONFIRMED
2220,CONFIRMED
2221,CONFIRMED
2224,CONFIRMED
2225,CONFIRMED
2226,CONFIRMED
2229,CONFIRMED
2232,CONFIRMED
2234,CONFIRMED
2239,CONFIRMED
2241,CONFIRMED
2246,CONFIRMED
2247,CONFIRMED
2251,CONFIRMED
2253,CONFIRMED
2254,CONFIRMED
2255,CONFIRMED
2260,CONFIRMED
2261,CONFIRMED
2262,CONFIRMED
2263,CONFIRMED
2267,CONFIRMED
2271,CONFIRMED
2273,CONFIRMED
2274,CONFIRMED
2277,CONFIRMED
2280,CONFIRMED
2281,CONFIRMED
2282,CONFIRMED
2287,CONFIRMED
2288,CONFIRMED
2292,CONFIRMED
2293,CONFIRMED
2297,CONFIRMED
2298,CONFIRMED
2300,CONFIRMED
2301,CONFIRMED
2302,CONFIRMED
2303,CONFIRMED
2304,CONFIRMED
2310,CONFIRMED
2313,CONFIRMED
2318,CONFIRMED
2319,CONFIRMED
2321,CONFIRMED
2322,CONFIRMED
2323,CONFIRMED
2324,CONFIRMED
2329,CONFIRMED
2334,CONFIRMED
2340,CONFIRMED
2343,CONFIRMED
2344,CONFIRMED
2345,CONFIRMED
2354,CONFIRMED
2355,CONFIRMED
2357,CONFIRMED
2358,CONFIRMED
2362,CONFIRMED
2365,CONFIRMED
2366,CONFIRMED
2367,CONFIRMED
2368,CONFIRMED
2370,CONFIRMED
2373,CONFIRMED
2374,CONFIRMED
2378,CONFIRMED
2381,CONFIRMED
2383,CONFIRMED
2385,CONFIRMED
2386,CONFIRMED
2387,CONFIRMED
2388,CONFIRMED
2390,CONFIRMED
2391,CONFIRMED
2394,CONFIRMED
2395,CONFIRMED
2396,CONFIRMED
2397,CONFIRMED
2399,CONFIRMED
2401,CONFIRMED
2402,CONFIRMED
2404,CONFIRMED
2406,CONFIRMED
2407,CONFIRMED
2408,CONFIRMED
2414,CONFIRMED
2415,CONFIRMED
2419,CONFIRMED
2422,CONFIRMED
2423,CONFIRMED
2424,CONFIRMED
2425,CONFIRMED
2426,CONFIRMED
2427,CONFIRMED
2429,CONFIRMED
2442,CONFIRMED
2450,CONFIRMED
2451,CONFIRMED
2452,CONFIRMED
2453,CONFIRMED
2455,CONFIRMED
2460,CONFIRMED
2461,CONFIRMED
2463,CONFIRMED
2464,CONFIRMED
2466,CONFIRMED
2472,CONFIRMED
2475,CONFIRMED
2476,CONFIRMED
2480,CONFIRMED
2481,CONFIRMED
2485,CONFIRMED
2486,CONFIRMED
2489,CONFIRMED
2490,CONFIRMED
2491,CONFIRMED
2497,CONFIRMED
2498,CONFIRMED
2502,CONFIRMED
2505,CONFIRMED
2506,CONFIRMED
2511,CONFIRMED
2522,CONFIRMED
2523,CONFIRMED
2528,CONFIRMED
2530,CONFIRMED
2531,CONFIRMED
2534,CONFIRMED
2536,CONFIRMED
2540,CONFIRMED
2541,CONFIRMED
2542,CONFIRMED
2544,CONFIRMED
2546,CONFIRMED
2547,CONFIRMED
2551,CONFIRMED
2555,CONFIRMED
2556,CONFIRMED
2557,CONFIRMED
2559,CONFIRMED
2562,CONFIRMED
2563,CONFIRMED
2565,CONFIRMED
2567,CONFIRMED
2571,CONFIRMED
2572,CONFIRMED
2573,CONFIRMED
2575,CONFIRMED
2579,CONFIRMED
2581,CONFIRMED
2584,CONFIRMED
2585,CONFIRMED
2586,CONFIRMED
2587,CONFIRMED
2588,CONFIRMED
2591,CONFIRMED
2594,CONFIRMED
2595,CONFIRMED
2601,CONFIRMED
2602,CONFIRMED
2603,CONFIRMED
2604,CONFIRMED
2605,CONFIRMED
2606,CONFIRMED
2607,CONFIRMED
2610,CONFIRMED
2615,CONFIRMED
2616,CONFIRMED
2623,CONFIRMED
2626,CONFIRMED
2627,CONFIRMED
2628,CONFIRMED
2629,CONFIRMED
2630,CONFIRMED
2634,CONFIRMED
2637,CONFIRMED
2638,CONFIRMED
2643,CONFIRMED
2645,CONFIRMED
2649,CONFIRMED
2650,CONFIRMED
2651,CONFIRMED
2652,CONFIRMED
2653,CONFIRMED
2655,CONFIRMED
2661,CONFIRMED
2662,CONFIRMED
2663,CONFIRMED
2666,CONFIRMED
2667,CONFIRMED
2668,CONFIRMED
2669,CONFIRMED
2670,CONFIRMED
2671,CONFIRMED
2672,CONFIRMED
2674,CONFIRMED
2678,CONFIRMED
2680,CONFIRMED
2681,CONFIRMED
2682,CONFIRMED
2684,CONFIRMED
2687,CONFIRMED
2689,CONFIRMED
2690,CONFIRMED
2704,CONFIRMED
2705,CONFIRMED
2707,CONFIRMED
2708,CONFIRMED
2712,CONFIRMED
2717,CONFIRMED
2718,CONFIRMED
2720,CONFIRMED
2725,CONFIRMED
2727,CONFIRMED
2728,CONFIRMED
2730,CONFIRMED
2732,CONFIRMED
2738,CONFIRMED
2739,CONFIRMED
2740,CONFIRMED
2743,CONFIRMED
2744,CONFIRMED
2748,CONFIRMED
2749,CONFIRMED
2754,CONFIRMED
2755,CONFIRMED
2757,CONFIRMED
2759,CONFIRMED
2760,CONFIRMED
2767,CONFIRMED
2769,CONFIRMED
2771,CONFIRMED
2773,CONFIRMED
2774,CONFIRMED
2776,CONFIRMED
2778,CONFIRMED
2783,CONFIRMED
2785,CONFIRMED
2790,CONFIRMED
2792,CONFIRMED
2793,CONFIRMED
2796,CONFIRMED
2803,CONFIRMED
2805,CONFIRMED
2810,CONFIRMED
2811,CONFIRMED
2813,CONFIRMED
2814,CONFIRMED
2815,CONFIRMED
2816,CONFIRMED
2819,CONFIRMED
2820,CONFIRMED
2822,CONFIRMED
2823,CONFIRMED
2824,CONFIRMED
2828,CONFIRMED
2831,CONFIRMED
2833,CONFIRMED
2834,CONFIRMED
2835,CONFIRMED
2836,CONFIRMED
2839,CONFIRMED
2840,CONFIRMED
2842,CONFIRMED
2844,CONFIRMED
2847,CONFIRMED
2851,CONFIRMED
2852,CONFIRMED
2854,CONFIRMED
2855,CONFIRMED
2856,CONFIRMED
2865,CONFIRMED
2870,CONFIRMED
2871,CONFIRMED
2873,CONFIRMED
2875,CONFIRMED
2879,CONFIRMED
2880,CONFIRMED
2882,CONFIRMED
2883,CONFIRMED
2885,CONFIRMED
2887,CONFIRMED
2892,CONFIRMED
2893,CONFIRMED
2894,CONFIRMED
2895,CONFIRMED
2896,CONFIRMED
2898,CONFIRMED
2900,CONFIRMED
2904,CONFIRMED
2905,CONFIRMED
2907,CONFIRMED
2913,CONFIRMED
2916,CONFIRMED
2917,CONFIRMED
2922,CONFIRMED
2924,CONFIRMED
2925,CONFIRMED
2929,CONFIRMED
2931,CONFIRMED
2932,CONFIRMED
2938,CONFIRMED
2941,CONFIRMED
2942,CONFIRMED
2944,CONFIRMED
2946,CONFIRMED
2949,CONFIRMED
2951,CONFIRMED
2953,CONFIRMED
2955,CONFIRMED
2956,CONFIRMED
2957,CONFIRMED
2958,CONFIRMED
2959,CONFIRMED
2963,CONFIRMED
2964,CONFIRMED
2967,CONFIRMED
2968,CONFIRMED
2969,CONFIRMED
2970,CONFIRMED
2971,CONFIRMED
2976,CONFIRMED
2977,CONFIRMED
2979,CONFIRMED
2980,CONFIRMED
2983,CONFIRMED
2984,CONFIRMED
2985,CONFIRMED
2986,CONFIRMED
2988,CONFIRMED
2991,CONFIRMED
2992,CONFIRMED
2994,CONFIRMED
2995,CONFIRMED
2996,CONFIRMED
2997,CONFIRMED
2998,CONFIRMED
3001,CONFIRMED
3002,CONFIRMED
3003,CONFIRMED
3005,CONFIRMED
3007,CONFIRMED
3008,CONFIRMED
3009,CONFIRMED
3010,CONFIRMED
3011,CONFIRMED
3014,CONFIRMED
3015,CONFIRMED
3016,CONFIRMED
3017,CONFIRMED
3019,CONFIRMED
3020,CONFIRMED
3021,CONFIRMED
3022,CONFIRMED
3023,CONFIRMED
3025,CONFIRMED
3029,CONFIRMED
3031,CONFIRMED
3032,CONFIRMED
3033,CONFIRMED
3034,CONFIRMED
3035,CONFIRMED
3036,CONFIRMED
3037,CONFIRMED
3039,CONFIRMED
3040,CONFIRMED
3041,CONFIRMED
3042,CONFIRMED
3043,CONFIRMED
3044,CONFIRMED
3049,CONFIRMED
3050,CONFIRMED
3051,CONFIRMED
3052,CONFIRMED
3054,CONFIRMED
3056,CONFIRMED
3058,CONFIRMED
3059,CONFIRMED
3060,CONFIRMED
3061,CONFIRMED
3062,CONFIRMED
3063,CONFIRMED
3064,CONFIRMED
3066,CONFIRMED
3068,CONFIRMED
3069,CONFIRMED
3070,CONFIRMED
3072,CONFIRMED
3073,CONFIRMED
3076,CONFIRMED
3078,CONFIRMED
3079,CONFIRMED
3080,CONFIRMED
3081,CONFIRMED
3082,CONFIRMED
3086,CONFIRMED
3087,CONFIRMED
3091,CONFIRMED
3092,CONFIRMED
3093,CONFIRMED
3094,CONFIRMED
3096,CONFIRMED
3097,CONFIRMED
3098,CONFIRMED
3100,CONFIRMED
3101,CONFIRMED
3102,CONFIRMED
3103,CONFIRMED
3104,CONFIRMED
3105,CONFIRMED
3106,CONFIRMED
3107,CONFIRMED
3108,CONFIRMED
3112,CONFIRMED
3113,CONFIRMED
3114,CONFIRMED
3115,CONFIRMED
3116,CONFIRMED
3118,CONFIRMED
3119,CONFIRMED
3121,CONFIRMED
3122,CONFIRMED
3123,CONFIRMED
3126,CONFIRMED
3127,CONFIRMED
3129,CONFIRMED
3130,CONFIRMED
3132,CONFIRMED
3134,CONFIRMED
3136,CONFIRMED
3137,CONFIRMED
3138,CONFIRMED
3142,CONFIRMED
3145,CONFIRMED
3148,CONFIRMED
3149,CONFIRMED
3150,CONFIRMED
3154,CONFIRMED
3157,CONFIRMED
3158,CONFIRMED
3160,CONFIRMED
3163,CONFIRMED
3166,CONFIRMED
3167,CONFIRMED
3168,CONFIRMED
3169,CONFIRMED
3172,CONFIRMED
3173,CONFIRMED
3174,CONFIRMED
3176,CONFIRMED
3180,CONFIRMED
3181,CONFIRMED
3182,CONFIRMED
3184,CONFIRMED
3185,CONFIRMED
3187,CONFIRMED
3190,CONFIRMED
3191,CONFIRMED
3193,CONFIRMED
3194,CONFIRMED
3196,CONFIRMED
3197,CONFIRMED
3198,CONFIRMED
3199,CONFIRMED
3200,CONFIRMED
3202,CONFIRMED
3203,CONFIRMED
3204,CONFIRMED
3211,CONFIRMED
3212,CONFIRMED
3216,CONFIRMED
3217,CONFIRMED
3218,CONFIRMED
3220,CONFIRMED
3221,CONFIRMED
3222,CONFIRMED
3223,CONFIRMED
3224,CONFIRMED
3226,CONFIRMED
3228,CONFIRMED
3229,CONFIRMED
3230,CONFIRMED
3232,CONFIRMED
3233,CONFIRMED
3234,CONFIRMED
3235,CONFIRMED
3236,CONFIRMED
3240,CONFIRMED
3241,CONFIRMED
3244,CONFIRMED
3245,CONFIRMED
3246,CONFIRMED
3250,CONFIRMED
3251,CONFIRMED
3252,CONFIRMED
3253,CONFIRMED
3254,CONFIRMED
3258,CONFIRMED
3259,CONFIRMED
3260,CONFIRMED
3263,CONFIRMED
3264,CONFIRMED
3265,CONFIRMED
3266,CONFIRMED
3269,CONFIRMED
3270,CONFIRMED
3271,CONFIRMED
3272,CONFIRMED
3276,CONFIRMED
3277,CONFIRMED
3278,CONFIRMED
3282,CONFIRMED
3283,CONFIRMED
3286,CONFIRMED
3287,CONFIRMED
3289,CONFIRMED
3291,CONFIRMED
3292,CONFIRMED
3293,CONFIRMED
3294,CONFIRMED
3295,CONFIRMED
3297,CONFIRMED
3298,CONFIRMED
3299,CONFIRMED
3300,CONFIRMED
3301,CONFIRMED
3303,CONFIRMED
3307,CONFIRMED
3311,CONFIRMED
3312,CONFIRMED
3313,CONFIRMED
3319,CONFIRMED
3320,CONFIRMED
3321,CONFIRMED
3322,CONFIRMED
3325,CONFIRMED
3329,CONFIRMED
3333,CONFIRMED
3334,CONFIRMED
3335,CONFIRMED
3337,CONFIRMED
3340,CONFIRMED
3341,CONFIRMED
3346,CONFIRMED
3347,CONFIRMED
3351,CONFIRMED
3352,CONFIRMED
3355,CONFIRMED
3356,CONFIRMED
3358,CONFIRMED
3359,CONFIRMED
3360,CONFIRMED
3361,CONFIRMED
3362,CONFIRMED
3363,CONFIRMED
3364,CONFIRMED
3365,CONFIRMED
3366,CONFIRMED
3367,CONFIRMED
3368,CONFIRMED
3370,CONFIRMED
3371,CONFIRMED
3378,CONFIRMED
3381,CONFIRMED
3382,CONFIRMED
3385,CONFIRMED
3386,CONFIRMED
3388,CONFIRMED
3389,CONFIRMED
3392,CONFIRMED
3395,CONFIRMED
3396,CONFIRMED
3397,CONFIRMED
3398,CONFIRMED
3399,CONFIRMED
3400,CONFIRMED
3402,CONFIRMED
3404,CONFIRMED
3408,CONFIRMED
3409,CONFIRMED
3411,CONFIRMED
3412,CONFIRMED
3414,CONFIRMED
3417,CONFIRMED
3418,CONFIRMED
3419,CONFIRMED
3420,CONFIRMED
3425,CONFIRMED
3426,CONFIRMED
3429,CONFIRMED
3431,CONFIRMED
3432,CONFIRMED
3433,CONFIRMED
3434,CONFIRMED
3435,CONFIRMED
3436,CONFIRMED
3439,CONFIRMED
3440,CONFIRMED
3441,CONFIRMED
3442,CONFIRMED
3444,CONFIRMED
3445,CONFIRMED
3446,CONFIRMED
3447,CONFIRMED
3448,CONFIRMED
3450,CONFIRMED
3453,CONFIRMED
3457,CONFIRMED
3458,CONFIRMED
3459,CONFIRMED
3462,CONFIRMED
3463,CONFIRMED
3464,CONFIRMED
3465,CONFIRMED
3471,CONFIRMED
3474,CONFIRMED
3475,CONFIRMED
3476,CONFIRMED
3477,CONFIRMED
3478,CONFIRMED
3479,CONFIRMED
3480,CONFIRMED
3481,CONFIRMED
3485,CONFIRMED
3486,CONFIRMED
3487,CONFIRMED
3489,CONFIRMED
3491,CONFIRMED
3492,CONFIRMED
3496,CONFIRMED
3498,CONFIRMED
3499,CONFIRMED
3500,CONFIRMED
3501,CONFIRMED
3502,CONFIRMED
3505,CONFIRMED
3507,CONFIRMED
3508,CONFIRMED
3509,CONFIRMED
3511,CONFIRMED
3512,CONFIRMED
3513,CONFIRMED
3514,CONFIRMED
3515,CONFIRMED
3517,CONFIRMED
3518,CONFIRMED
3519,CONFIRMED
3520,CONFIRMED
3521,CONFIRMED
3522,CONFIRMED
3525,CONFIRMED
3527,CONFIRMED
3528,CONFIRMED
3529,CONFIRMED
3530,CONFIRMED
3532,CONFIRMED
3533,CONFIRMED
3534,CONFIRMED
3535,CONFIRMED
3537,CONFIRMED
3538,CONFIRMED
3539,CONFIRMED
3540,CONFIRMED
3541,CONFIRMED
3542,CONFIRMED
3544,CONFIRMED
3545,CONFIRMED
3547,CONFIRMED
3548,CONFIRMED
3549,CONFIRMED
3550,CONFIRMED
3551,CONFIRMED
3552,CONFIRMED
3555,CONFIRMED
3557,CONFIRMED
3560,CONFIRMED
3561,CONFIRMED
3562,CONFIRMED
3563,CONFIRMED
3573,CONFIRMED
3580,CONFIRMED
3584,CONFIRMED
3589,CONFIRMED
3596,CONFIRMED
3598,CONFIRMED
3599,CONFIRMED
3613,CONFIRMED
3624,CONFIRMED
3625,CONFIRMED
3631,CONFIRMED
3632,CONFIRMED
3639,CONFIRMED
3640,CONFIRMED
3651,CONFIRMED
3660,CONFIRMED
3661,CONFIRMED
3676,CONFIRMED
3683,CONFIRMED
3684,CONFIRMED
3687,CONFIRMED
3691,CONFIRMED
3693,CONFIRMED
3694,CONFIRMED
3716,CONFIRMED
3718,CONFIRMED
3720,CONFIRMED
3722,CONFIRMED
3728,CONFIRMED
3732,CONFIRMED
3740,CONFIRMED
3743,CONFIRMED
3744,CONFIRMED
3745,CONFIRMED
3766,CONFIRMED
3776,CONFIRMED
3782,CONFIRMED
3793,CONFIRMED
3794,CONFIRMED
3815,CONFIRMED
3822,CONFIRMED
3828,CONFIRMED
3832,CONFIRMED
3843,CONFIRMED
3844,CONFIRMED
3846,CONFIRMED
3849,CONFIRMED
3858,CONFIRMED
3863,CONFIRMED
3867,CONFIRMED
3873,CONFIRMED
3881,CONFIRMED
3884,CONFIRMED
3885,CONFIRMED
3886,CONFIRMED
3899,CONFIRMED
3900,CONFIRMED
3902,CONFIRMED
3905,CONFIRMED
3909,CONFIRMED
3910,CONFIRMED
3938,CONFIRMED
3942,CONFIRMED
3943,CONFIRMED
3949,CONFIRMED
3955,CONFIRMED
3964,CONFIRMED
3973,CONFIRMED
3974,CONFIRMED
3985,CONFIRMED
3998,CONFIRMED
4005,CONFIRMED
4010,CONFIRMED
4019,CONFIRMED
4020,CONFIRMED
4025,CONFIRMED
4026,CONFIRMED
4037,CONFIRMED
4038,CONFIRMED
4042,CONFIRMED
4052,CONFIRMED
4055,CONFIRMED
4062,CONFIRMED
4065,CONFIRMED
4069,CONFIRMED
4071,CONFIRMED
4084,CONFIRMED
4085,CONFIRMED
4091,CONFIRMED
4114,CONFIRMED
4126,CONFIRMED
4145,CONFIRMED
4150,CONFIRMED
4162,CONFIRMED
4168,CONFIRMED
4173,CONFIRMED
4184,CONFIRMED
4188,CONFIRMED
4193,CONFIRMED
4195,CONFIRMED
4227,CONFIRMED
4249,CONFIRMED
4252,CONFIRMED
4268,CONFIRMED
4273,CONFIRMED
4286,CONFIRMED
4387,CONFIRMED
4388,CONFIRMED
4407,CONFIRMED
4419,CONFIRMED
4421,CONFIRMED
4423,CONFIRMED
4427,CONFIRMED
4444,CONFIRMED
4460,CONFIRMED
4461,CONFIRMED
4463,CONFIRMED
4478,CONFIRMED
4479,CONFIRMED
4480,CONFIRMED
4494,CONFIRMED
4496,CONFIRMED
4502,CONFIRMED
4503,CONFIRMED
4517,CONFIRMED
4519,CONFIRMED
4521,CONFIRMED
4533,CONFIRMED
4544,CONFIRMED
4558,CONFIRMED
4560,CONFIRMED
4575,CONFIRMED
4578,CONFIRMED
4582,CONFIRMED
4596,CONFIRMED
4597,CONFIRMED
4608,CONFIRMED
4618,CONFIRMED
4645,CONFIRMED
4648,CONFIRMED
4665,CONFIRMED
4667,CONFIRMED
4669,CONFIRMED
4678,CONFIRMED
4685,CONFIRMED
4686,CONFIRMED
4687,CONFIRMED
4704,CONFIRMED
4705,CONFIRMED
4706,CONFIRMED
4750,CONFIRMED
4753,CONFIRMED
4760,CONFIRMED
4762,CONFIRMED
4777,CONFIRMED
4782,CONFIRMED
4784,CONFIRMED
4796,CONFIRMED
4799,CONFIRMED
4804,CONFIRMED
4809,CONFIRMED
4812,CONFIRMED
4821,CONFIRMED
4846,CONFIRMED
4847,CONFIRMED
4854,CONFIRMED
4858,CONFIRMED
4867,CONFIRMED
4874,CONFIRMED
4889,CONFIRMED
4890,CONFIRMED
4891,CONFIRMED
4899,CONFIRMED
4914,CONFIRMED
4919,CONFIRMED
4939,CONFIRMED
4940,CONFIRMED
4946,CONFIRMED
4956,CONFIRMED
4960,CONFIRMED
4961,CONFIRMED
4981,CONFIRMED
4983,CONFIRMED
4991,CONFIRMED
5006,CONFIRMED
5008,CONFIRMED
5020,CONFIRMED
5022,CONFIRMED
5023,CONFIRMED
5024,CONFIRMED
5027,CONFIRMED
5033,CONFIRMED
5046,CONFIRMED
5050,CONFIRMED
5059,CONFIRMED
5062,CONFIRMED
5068,CONFIRMED
5070,CONFIRMED
5073,CONFIRMED
5076,CONFIRMED
5079,CONFIRMED
5083,CONFIRMED
5096,CONFIRMED
5097,CONFIRMED
5101,CONFIRMED
5109,CONFIRMED
5110,CONFIRMED
5116,CONFIRMED
5121,CONFIRMED
5131,CONFIRMED
5135,CONFIRMED
5149,CONFIRMED
5161,CONFIRMED
5162,CONFIRMED
5165,CONFIRMED
5176,CONFIRMED
5181,CONFIRMED
5186,CONFIRMED
5189,CONFIRMED
5205,CONFIRMED
5206,CONFIRMED
5211,CONFIRMED
5212,CONFIRMED
5222,CONFIRMED
5223,CONFIRMED
5240,CONFIRMED
5249,CONFIRMED
5268,CONFIRMED
5269,CONFIRMED
5289,CONFIRMED
5294,CONFIRMED
5312,CONFIRMED
5328,CONFIRMED
5333,CONFIRMED
5341,CONFIRMED
5342,CONFIRMED
5348,CONFIRMED
5349,CONFIRMED
5356,CONFIRMED
5379,CONFIRMED
5383,CONFIRMED
5387,CONFIRMED
5407,CONFIRMED
5420,CONFIRMED
5428,CONFIRMED
5447,CONFIRMED
5450,CONFIRMED
5461,CONFIRMED
5474,CONFIRMED
5483,CONFIRMED
5520,CONFIRMED
5529,CONFIRMED
5549,CONFIRMED
5554,CONFIRMED
5564,CONFIRMED
5565,CONFIRMED
5569,CONFIRMED
5582,CONFIRMED
5586,CONFIRMED
5588,CONFIRMED
5593,CONFIRMED
5610,CONFIRMED
5636,CONFIRMED
5659,CONFIRMED
5670,CONFIRMED
5675,CONFIRMED
5682,CONFIRMED
5721,CONFIRMED
5722,CONFIRMED
5725,CONFIRMED
5740,CONFIRMED
5770,CONFIRMED
5783,CONFIRMED
5818,CONFIRMED
5824,CONFIRMED
5830,CONFIRMED
5834,CONFIRMED
5838,CONFIRMED
5839,CONFIRMED
5871,CONFIRMED
5880,CONFIRMED
5884,CONFIRMED
5890,CONFIRMED
5893,CONFIRMED
5942,CONFIRMED
5971,CONFIRMED
5986,CONFIRMED
6092,CONFIRMED
6218,CONFIRMED
6240,CONFIRMED
6241,CONFIRMED
6265,CONFIRMED
6295,CONFIRMED
6381,CONFIRMED
6475,CONFIRMED
6517,CONFIRMED
6526,CONFIRMED
6559,CONFIRMED
6589,CONFIRMED
6683,CONFIRMED
6853,CONFIRMED
6876,CONFIRMED
6933,CONFIRMED
6934,CONFIRMED
6960,CONFIRMED
6961,CONFIRMED
7042,CONFIRMED
7086,CONFIRMED
7111,CONFIRMED
7121,CONFIRMED
7157,CONFIRMED
7158,CONFIRMED
7227,CONFIRMED
7228,CONFIRMED
7230,CONFIRMED
7251,CONFIRMED
7256,CONFIRMED
7277,CONFIRMED
8102,CONFIRMED
8349,CONFIRMED
8416,CONFIRMED
8481,CONFIRMED
8485,CONFIRMED
8551,CONFIRMED
8749,CONFIRMED
8769,CONFIRMED
8821,CONFIRMED
8873,CONFIRMED
8923,CONFIRMED
8924,CONFIRMED
8993,CONFIRMED
8996,CONFIRMED
9026,CONFIRMED
9058,CONFIRMED
9059,CONFIRMED
9060,CONFIRMED
9061,CONFIRMED
9062,CONFIRMED
9096,CONFIRMED
9097,CONFIRMED
9135,CONFIRMED
9159,CONFIRMED
9174,CONFIRMED
9176,CONFIRMED
9177,CONFIRMED
9178,CONFIRMED
9219,CONFIRMED
9221,CONFIRMED
9264,CONFIRMED
9305,CONFIRMED
9309,CONFIRMED
9353,CONFIRMED
9355,CONFIRMED
9479,CONFIRMED
9540,CONFIRMED
